7.000000000000000000e+01
2.120000000000000000e+02
5.620000000000000000e+02
4.920000000000000000e+02
1.420000000000000000e+02
7.020000000000000000e+02
4.920000000000000000e+02
1.420000000000000000e+02
2.820000000000000000e+02
2.120000000000000000e+02
2.820000000000000000e+02
6.320000000000000000e+02
2.820000000000000000e+02
5.620000000000000000e+02
4.920000000000000000e+02
2.120000000000000000e+02
4.220000000000000000e+02
9.820000000000000000e+02
2.120000000000000000e+02
2.120000000000000000e+02
2.172000000000000000e+03
4.920000000000000000e+02
4.920000000000000000e+02
3.520000000000000000e+02
9.820000000000000000e+02
6.320000000000000000e+02
3.520000000000000000e+02
6.320000000000000000e+02
9.120000000000000000e+02
7.020000000000000000e+02
9.120000000000000000e+02
1.682000000000000000e+03
1.192000000000000000e+03
1.122000000000000000e+03
7.720000000000000000e+02
9.120000000000000000e+02
9.120000000000000000e+02
7.720000000000000000e+02
7.071000000000000000e+03
7.071000000000000000e+03
7.071000000000000000e+03
7.071000000000000000e+03
7.071000000000000000e+03
