7.000000000000000000e+01
1.420000000000000000e+02
1.420000000000000000e+02
1.420000000000000000e+02
3.520000000000000000e+02
2.120000000000000000e+02
2.120000000000000000e+02
1.420000000000000000e+02
2.120000000000000000e+02
2.820000000000000000e+02
2.120000000000000000e+02
2.120000000000000000e+02
1.420000000000000000e+02
2.820000000000000000e+02
2.120000000000000000e+02
3.520000000000000000e+02
2.120000000000000000e+02
1.420000000000000000e+02
2.820000000000000000e+02
2.120000000000000000e+02
3.520000000000000000e+02
2.120000000000000000e+02
2.820000000000000000e+02
1.420000000000000000e+02
2.120000000000000000e+02
2.820000000000000000e+02
2.120000000000000000e+02
1.420000000000000000e+02
4.220000000000000000e+02
4.920000000000000000e+02
2.820000000000000000e+02
2.820000000000000000e+02
2.820000000000000000e+02
3.520000000000000000e+02
2.820000000000000000e+02
7.720000000000000000e+02
4.920000000000000000e+02
6.830000000000000000e+02
4.920000000000000000e+02
1.420000000000000000e+02
4.220000000000000000e+02
1.420000000000000000e+02
1.402000000000000000e+03
7.720000000000000000e+02
8.420000000000000000e+02
4.920000000000000000e+02
1.420000000000000000e+02
2.120000000000000000e+02
6.320000000000000000e+02
5.620000000000000000e+02
2.120000000000000000e+02
4.220000000000000000e+02
5.620000000000000000e+02
8.420000000000000000e+02
7.020000000000000000e+02
4.920000000000000000e+02
1.052000000000000000e+03
4.220000000000000000e+02
5.620000000000000000e+02
1.052000000000000000e+03
7.630000000000000000e+02
3.520000000000000000e+02
4.920000000000000000e+02
2.820000000000000000e+02
1.122000000000000000e+03
7.020000000000000000e+02
2.120000000000000000e+02
9.820000000000000000e+02
1.420000000000000000e+02
4.920000000000000000e+02
5.620000000000000000e+02
3.520000000000000000e+02
1.332000000000000000e+03
7.020000000000000000e+02
4.920000000000000000e+02
5.620000000000000000e+02
4.220000000000000000e+02
7.720000000000000000e+02
4.920000000000000000e+02
1.542000000000000000e+03
1.542000000000000000e+03
4.220000000000000000e+02
9.120000000000000000e+02
6.320000000000000000e+02
8.420000000000000000e+02
3.012000000000000000e+03
4.220000000000000000e+02
7.071000000000000000e+03
7.720000000000000000e+02
3.572000000000000000e+03
4.920000000000000000e+02
1.612000000000000000e+03
7.020000000000000000e+02
2.732000000000000000e+03
1.822000000000000000e+03
1.402000000000000000e+03
3.520000000000000000e+02
8.420000000000000000e+02
7.720000000000000000e+02
1.332000000000000000e+03
4.902000000000000000e+03
1.612000000000000000e+03
1.822000000000000000e+03
7.720000000000000000e+02
1.803000000000000000e+03
1.052000000000000000e+03
7.020000000000000000e+02
5.620000000000000000e+02
7.020000000000000000e+02
7.720000000000000000e+02
1.612000000000000000e+03
4.220000000000000000e+02
1.822000000000000000e+03
2.522000000000000000e+03
3.362000000000000000e+03
1.162000000000000000e+03
1.822000000000000000e+03
2.382000000000000000e+03
2.382000000000000000e+03
2.242000000000000000e+03
1.472000000000000000e+03
1.262000000000000000e+03
1.052000000000000000e+03
1.122000000000000000e+03
1.612000000000000000e+03
9.120000000000000000e+02
5.620000000000000000e+02
4.220000000000000000e+02
1.262000000000000000e+03
9.820000000000000000e+02
3.362000000000000000e+03
1.052000000000000000e+03
7.020000000000000000e+02
4.920000000000000000e+02
4.220000000000000000e+02
7.720000000000000000e+02
1.682000000000000000e+03
2.172000000000000000e+03
4.220000000000000000e+02
3.520000000000000000e+02
6.320000000000000000e+02
1.262000000000000000e+03
2.032000000000000000e+03
4.920000000000000000e+02
1.542000000000000000e+03
7.720000000000000000e+02
5.620000000000000000e+02
1.192000000000000000e+03
1.332000000000000000e+03
5.620000000000000000e+02
1.052000000000000000e+03
5.220000000000000000e+02
8.830000000000000000e+02
9.120000000000000000e+02
3.082000000000000000e+03
2.120000000000000000e+02
5.620000000000000000e+02
7.720000000000000000e+02
1.612000000000000000e+03
6.320000000000000000e+02
9.120000000000000000e+02
1.472000000000000000e+03
1.052000000000000000e+03
1.402000000000000000e+03
6.320000000000000000e+02
4.220000000000000000e+02
7.020000000000000000e+02
5.392000000000000000e+03
3.572000000000000000e+03
9.820000000000000000e+02
4.132000000000000000e+03
5.620000000000000000e+02
3.852000000000000000e+03
1.332000000000000000e+03
1.052000000000000000e+03
4.220000000000000000e+02
1.752000000000000000e+03
4.220000000000000000e+02
3.152000000000000000e+03
7.020000000000000000e+02
3.292000000000000000e+03
8.420000000000000000e+02
5.163000000000000000e+03
3.362000000000000000e+03
4.920000000000000000e+02
2.820000000000000000e+02
7.020000000000000000e+02
1.262000000000000000e+03
3.012000000000000000e+03
4.132000000000000000e+03
4.920000000000000000e+02
1.052000000000000000e+03
9.120000000000000000e+02
8.420000000000000000e+02
9.120000000000000000e+02
2.452000000000000000e+03
1.402000000000000000e+03
1.752000000000000000e+03
7.020000000000000000e+02
1.262000000000000000e+03
2.820000000000000000e+02
1.752000000000000000e+03
1.122000000000000000e+03
1.122000000000000000e+03
4.220000000000000000e+02
2.522000000000000000e+03
5.620000000000000000e+02
1.332000000000000000e+03
2.172000000000000000e+03
2.820000000000000000e+02
3.292000000000000000e+03
4.920000000000000000e+02
4.062000000000000000e+03
7.720000000000000000e+02
1.542000000000000000e+03
1.682000000000000000e+03
1.332000000000000000e+03
1.122000000000000000e+03
1.192000000000000000e+03
1.892000000000000000e+03
3.502000000000000000e+03
1.402000000000000000e+03
1.122000000000000000e+03
1.612000000000000000e+03
7.020000000000000000e+02
1.612000000000000000e+03
3.292000000000000000e+03
3.572000000000000000e+03
1.682000000000000000e+03
1.542000000000000000e+03
5.620000000000000000e+02
1.822000000000000000e+03
6.320000000000000000e+02
3.782000000000000000e+03
3.782000000000000000e+03
7.020000000000000000e+02
1.332000000000000000e+03
7.720000000000000000e+02
9.120000000000000000e+02
5.620000000000000000e+02
3.292000000000000000e+03
6.320000000000000000e+02
1.682000000000000000e+03
3.852000000000000000e+03
2.312000000000000000e+03
1.612000000000000000e+03
3.152000000000000000e+03
1.332000000000000000e+03
4.920000000000000000e+02
2.120000000000000000e+02
1.682000000000000000e+03
1.752000000000000000e+03
1.122000000000000000e+03
2.942000000000000000e+03
9.120000000000000000e+02
1.402000000000000000e+03
1.332000000000000000e+03
1.402000000000000000e+03
7.020000000000000000e+02
1.122000000000000000e+03
3.152000000000000000e+03
1.822000000000000000e+03
1.962000000000000000e+03
9.120000000000000000e+02
1.542000000000000000e+03
2.802000000000000000e+03
4.220000000000000000e+02
1.752000000000000000e+03
1.472000000000000000e+03
5.620000000000000000e+02
2.172000000000000000e+03
1.192000000000000000e+03
4.202000000000000000e+03
4.132000000000000000e+03
3.362000000000000000e+03
3.402000000000000000e+03
5.812000000000000000e+03
1.052000000000000000e+03
1.332000000000000000e+03
2.452000000000000000e+03
2.592000000000000000e+03
1.262000000000000000e+03
4.412000000000000000e+03
3.883000000000000000e+03
3.782000000000000000e+03
2.802000000000000000e+03
1.122000000000000000e+03
8.420000000000000000e+02
1.802000000000000000e+03
3.642000000000000000e+03
1.612000000000000000e+03
3.572000000000000000e+03
7.071000000000000000e+03
1.542000000000000000e+03
1.472000000000000000e+03
1.892000000000000000e+03
2.452000000000000000e+03
2.662000000000000000e+03
1.472000000000000000e+03
1.332000000000000000e+03
1.052000000000000000e+03
1.402000000000000000e+03
1.122000000000000000e+03
1.402000000000000000e+03
4.920000000000000000e+02
4.552000000000000000e+03
4.920000000000000000e+02
9.120000000000000000e+02
3.852000000000000000e+03
1.332000000000000000e+03
1.402000000000000000e+03
2.452000000000000000e+03
1.762000000000000000e+03
3.712000000000000000e+03
2.452000000000000000e+03
3.152000000000000000e+03
1.262000000000000000e+03
2.662000000000000000e+03
4.762000000000000000e+03
2.032000000000000000e+03
1.822000000000000000e+03
7.720000000000000000e+02
5.462000000000000000e+03
2.382000000000000000e+03
5.392000000000000000e+03
7.071000000000000000e+03
1.192000000000000000e+03
1.962000000000000000e+03
4.342000000000000000e+03
5.620000000000000000e+02
5.620000000000000000e+02
2.242000000000000000e+03
3.082000000000000000e+03
8.420000000000000000e+02
1.332000000000000000e+03
3.082000000000000000e+03
2.172000000000000000e+03
7.720000000000000000e+02
1.122000000000000000e+03
1.962000000000000000e+03
2.172000000000000000e+03
1.962000000000000000e+03
4.832000000000000000e+03
3.082000000000000000e+03
5.672000000000000000e+03
2.452000000000000000e+03
2.732000000000000000e+03
4.642000000000000000e+03
6.232000000000000000e+03
3.082000000000000000e+03
2.732000000000000000e+03
3.012000000000000000e+03
2.102000000000000000e+03
3.712000000000000000e+03
2.820000000000000000e+02
2.522000000000000000e+03
3.152000000000000000e+03
1.262000000000000000e+03
1.752000000000000000e+03
3.012000000000000000e+03
2.802000000000000000e+03
1.612000000000000000e+03
1.822000000000000000e+03
1.472000000000000000e+03
1.472000000000000000e+03
1.472000000000000000e+03
3.572000000000000000e+03
4.342000000000000000e+03
3.292000000000000000e+03
1.402000000000000000e+03
7.020000000000000000e+02
9.820000000000000000e+02
8.420000000000000000e+02
1.892000000000000000e+03
2.522000000000000000e+03
7.020000000000000000e+02
3.362000000000000000e+03
1.262000000000000000e+03
4.220000000000000000e+02
1.682000000000000000e+03
2.802000000000000000e+03
3.992000000000000000e+03
6.862000000000000000e+03
1.682000000000000000e+03
1.052000000000000000e+03
2.242000000000000000e+03
9.120000000000000000e+02
6.320000000000000000e+02
2.242000000000000000e+03
2.522000000000000000e+03
4.062000000000000000e+03
2.382000000000000000e+03
3.852000000000000000e+03
1.332000000000000000e+03
1.472000000000000000e+03
1.542000000000000000e+03
2.172000000000000000e+03
3.152000000000000000e+03
2.732000000000000000e+03
2.820000000000000000e+02
7.720000000000000000e+02
1.192000000000000000e+03
5.182000000000000000e+03
9.820000000000000000e+02
4.832000000000000000e+03
7.071000000000000000e+03
8.420000000000000000e+02
3.782000000000000000e+03
3.502000000000000000e+03
2.032000000000000000e+03
2.522000000000000000e+03
7.071000000000000000e+03
3.922000000000000000e+03
7.020000000000000000e+02
4.482000000000000000e+03
2.172000000000000000e+03
4.920000000000000000e+02
1.682000000000000000e+03
4.062000000000000000e+03
7.020000000000000000e+02
3.292000000000000000e+03
2.102000000000000000e+03
7.020000000000000000e+02
3.642000000000000000e+03
3.012000000000000000e+03
7.020000000000000000e+02
1.472000000000000000e+03
3.572000000000000000e+03
4.202000000000000000e+03
4.220000000000000000e+02
2.872000000000000000e+03
5.620000000000000000e+02
3.012000000000000000e+03
5.042000000000000000e+03
4.122000000000000000e+03
1.402000000000000000e+03
1.402000000000000000e+03
3.520000000000000000e+02
2.312000000000000000e+03
1.402000000000000000e+03
4.272000000000000000e+03
3.992000000000000000e+03
4.920000000000000000e+02
1.362000000000000000e+03
7.020000000000000000e+02
1.420000000000000000e+02
2.662000000000000000e+03
4.220000000000000000e+02
7.071000000000000000e+03
3.012000000000000000e+03
6.320000000000000000e+02
4.220000000000000000e+02
4.342000000000000000e+03
9.120000000000000000e+02
3.852000000000000000e+03
7.020000000000000000e+02
3.152000000000000000e+03
9.820000000000000000e+02
1.682000000000000000e+03
2.120000000000000000e+02
1.402000000000000000e+03
1.192000000000000000e+03
1.052000000000000000e+03
6.232000000000000000e+03
4.482000000000000000e+03
5.812000000000000000e+03
4.403000000000000000e+03
1.052000000000000000e+03
3.012000000000000000e+03
2.662000000000000000e+03
5.620000000000000000e+02
1.402000000000000000e+03
3.782000000000000000e+03
3.152000000000000000e+03
2.820000000000000000e+02
1.420000000000000000e+02
2.662000000000000000e+03
2.452000000000000000e+03
3.682000000000000000e+03
7.720000000000000000e+02
4.202000000000000000e+03
3.152000000000000000e+03
1.682000000000000000e+03
4.220000000000000000e+02
9.820000000000000000e+02
4.622000000000000000e+03
1.682000000000000000e+03
8.420000000000000000e+02
6.320000000000000000e+02
1.332000000000000000e+03
7.020000000000000000e+02
2.242000000000000000e+03
6.320000000000000000e+02
5.742000000000000000e+03
3.292000000000000000e+03
5.672000000000000000e+03
1.122000000000000000e+03
1.122000000000000000e+03
9.820000000000000000e+02
1.472000000000000000e+03
2.382000000000000000e+03
1.262000000000000000e+03
7.071000000000000000e+03
8.420000000000000000e+02
4.272000000000000000e+03
7.002000000000000000e+03
1.332000000000000000e+03
6.232000000000000000e+03
7.071000000000000000e+03
9.120000000000000000e+02
2.172000000000000000e+03
2.820000000000000000e+02
7.071000000000000000e+03
3.082000000000000000e+03
1.822000000000000000e+03
1.192000000000000000e+03
2.312000000000000000e+03
3.432000000000000000e+03
5.742000000000000000e+03
6.302000000000000000e+03
6.320000000000000000e+02
3.012000000000000000e+03
3.520000000000000000e+02
2.662000000000000000e+03
6.652000000000000000e+03
4.202000000000000000e+03
2.872000000000000000e+03
9.820000000000000000e+02
1.402000000000000000e+03
9.820000000000000000e+02
4.220000000000000000e+02
4.342000000000000000e+03
6.372000000000000000e+03
1.472000000000000000e+03
4.832000000000000000e+03
2.452000000000000000e+03
2.522000000000000000e+03
3.362000000000000000e+03
1.402000000000000000e+03
7.071000000000000000e+03
3.852000000000000000e+03
4.042000000000000000e+03
1.122000000000000000e+03
3.222000000000000000e+03
2.662000000000000000e+03
1.962000000000000000e+03
1.122000000000000000e+03
3.292000000000000000e+03
2.820000000000000000e+02
4.062000000000000000e+03
2.032000000000000000e+03
3.012000000000000000e+03
7.020000000000000000e+02
2.592000000000000000e+03
1.682000000000000000e+03
3.992000000000000000e+03
2.172000000000000000e+03
1.402000000000000000e+03
3.432000000000000000e+03
4.272000000000000000e+03
7.071000000000000000e+03
1.542000000000000000e+03
1.332000000000000000e+03
1.122000000000000000e+03
2.942000000000000000e+03
4.482000000000000000e+03
5.742000000000000000e+03
1.612000000000000000e+03
1.542000000000000000e+03
9.820000000000000000e+02
6.512000000000000000e+03
2.872000000000000000e+03
2.032000000000000000e+03
2.802000000000000000e+03
5.602000000000000000e+03
2.732000000000000000e+03
8.420000000000000000e+02
2.820000000000000000e+02
9.820000000000000000e+02
1.052000000000000000e+03
5.252000000000000000e+03
3.520000000000000000e+02
2.382000000000000000e+03
1.752000000000000000e+03
3.502000000000000000e+03
3.502000000000000000e+03
4.920000000000000000e+02
4.622000000000000000e+03
1.892000000000000000e+03
4.132000000000000000e+03
9.120000000000000000e+02
1.052000000000000000e+03
1.262000000000000000e+03
7.071000000000000000e+03
6.320000000000000000e+02
1.962000000000000000e+03
7.020000000000000000e+02
3.520000000000000000e+02
2.522000000000000000e+03
1.262000000000000000e+03
2.172000000000000000e+03
3.520000000000000000e+02
1.052000000000000000e+03
3.992000000000000000e+03
1.752000000000000000e+03
1.262000000000000000e+03
1.402000000000000000e+03
5.620000000000000000e+02
3.012000000000000000e+03
3.642000000000000000e+03
1.962000000000000000e+03
2.102000000000000000e+03
2.872000000000000000e+03
1.332000000000000000e+03
2.242000000000000000e+03
1.892000000000000000e+03
9.820000000000000000e+02
8.420000000000000000e+02
3.152000000000000000e+03
1.122000000000000000e+03
2.242000000000000000e+03
3.292000000000000000e+03
7.071000000000000000e+03
2.802000000000000000e+03
7.071000000000000000e+03
3.922000000000000000e+03
2.820000000000000000e+02
1.052000000000000000e+03
2.872000000000000000e+03
7.020000000000000000e+02
1.752000000000000000e+03
2.820000000000000000e+02
2.312000000000000000e+03
4.412000000000000000e+03
3.712000000000000000e+03
2.872000000000000000e+03
1.402000000000000000e+03
3.362000000000000000e+03
2.522000000000000000e+03
4.482000000000000000e+03
9.820000000000000000e+02
1.332000000000000000e+03
7.020000000000000000e+02
1.192000000000000000e+03
1.052000000000000000e+03
7.071000000000000000e+03
1.682000000000000000e+03
4.552000000000000000e+03
7.020000000000000000e+02
2.120000000000000000e+02
1.003000000000000000e+03
4.430000000000000000e+02
6.320000000000000000e+02
5.620000000000000000e+02
2.732000000000000000e+03
1.402000000000000000e+03
1.192000000000000000e+03
1.402000000000000000e+03
4.692000000000000000e+03
2.032000000000000000e+03
2.102000000000000000e+03
1.612000000000000000e+03
1.542000000000000000e+03
6.323000000000000000e+03
3.012000000000000000e+03
4.220000000000000000e+02
6.512000000000000000e+03
5.182000000000000000e+03
1.542000000000000000e+03
5.443000000000000000e+03
2.732000000000000000e+03
1.612000000000000000e+03
3.362000000000000000e+03
9.120000000000000000e+02
1.822000000000000000e+03
3.082000000000000000e+03
2.032000000000000000e+03
1.542000000000000000e+03
5.620000000000000000e+02
4.920000000000000000e+02
1.192000000000000000e+03
5.620000000000000000e+02
4.220000000000000000e+02
9.820000000000000000e+02
7.720000000000000000e+02
1.612000000000000000e+03
4.243000000000000000e+03
4.062000000000000000e+03
2.120000000000000000e+02
1.563000000000000000e+03
1.542000000000000000e+03
2.602000000000000000e+03
5.042000000000000000e+03
7.020000000000000000e+02
4.762000000000000000e+03
1.192000000000000000e+03
1.542000000000000000e+03
3.042000000000000000e+03
3.520000000000000000e+02
1.052000000000000000e+03
1.420000000000000000e+02
1.612000000000000000e+03
1.682000000000000000e+03
1.332000000000000000e+03
1.612000000000000000e+03
8.420000000000000000e+02
1.052000000000000000e+03
1.682000000000000000e+03
6.320000000000000000e+02
5.620000000000000000e+02
7.720000000000000000e+02
9.120000000000000000e+02
3.852000000000000000e+03
1.752000000000000000e+03
9.120000000000000000e+02
1.122000000000000000e+03
6.320000000000000000e+02
8.420000000000000000e+02
3.520000000000000000e+02
1.332000000000000000e+03
4.062000000000000000e+03
2.120000000000000000e+02
3.152000000000000000e+03
7.071000000000000000e+03
3.782000000000000000e+03
1.332000000000000000e+03
7.020000000000000000e+02
2.942000000000000000e+03
3.082000000000000000e+03
9.120000000000000000e+02
1.262000000000000000e+03
7.720000000000000000e+02
2.820000000000000000e+02
2.522000000000000000e+03
4.202000000000000000e+03
3.292000000000000000e+03
1.822000000000000000e+03
1.192000000000000000e+03
3.012000000000000000e+03
7.020000000000000000e+02
1.122000000000000000e+03
1.752000000000000000e+03
7.020000000000000000e+02
4.692000000000000000e+03
1.332000000000000000e+03
2.102000000000000000e+03
2.032000000000000000e+03
7.020000000000000000e+02
7.720000000000000000e+02
2.942000000000000000e+03
4.972000000000000000e+03
4.902000000000000000e+03
1.752000000000000000e+03
3.852000000000000000e+03
7.020000000000000000e+02
3.222000000000000000e+03
4.220000000000000000e+02
1.822000000000000000e+03
8.420000000000000000e+02
4.202000000000000000e+03
3.782000000000000000e+03
5.322000000000000000e+03
4.920000000000000000e+02
5.620000000000000000e+02
1.122000000000000000e+03
1.472000000000000000e+03
1.192000000000000000e+03
2.032000000000000000e+03
3.432000000000000000e+03
2.872000000000000000e+03
1.892000000000000000e+03
3.152000000000000000e+03
5.322000000000000000e+03
2.120000000000000000e+02
1.612000000000000000e+03
9.120000000000000000e+02
9.820000000000000000e+02
1.122000000000000000e+03
1.612000000000000000e+03
3.362000000000000000e+03
5.462000000000000000e+03
2.032000000000000000e+03
1.752000000000000000e+03
1.542000000000000000e+03
2.942000000000000000e+03
3.642000000000000000e+03
8.420000000000000000e+02
1.332000000000000000e+03
2.662000000000000000e+03
3.642000000000000000e+03
6.320000000000000000e+02
3.922000000000000000e+03
7.020000000000000000e+02
2.732000000000000000e+03
2.522000000000000000e+03
7.071000000000000000e+03
2.242000000000000000e+03
1.402000000000000000e+03
1.612000000000000000e+03
2.312000000000000000e+03
2.802000000000000000e+03
2.242000000000000000e+03
7.020000000000000000e+02
1.822000000000000000e+03
2.242000000000000000e+03
1.262000000000000000e+03
2.172000000000000000e+03
7.071000000000000000e+03
3.362000000000000000e+03
7.720000000000000000e+02
1.192000000000000000e+03
5.322000000000000000e+03
5.252000000000000000e+03
4.220000000000000000e+02
3.782000000000000000e+03
2.592000000000000000e+03
2.452000000000000000e+03
4.220000000000000000e+02
7.720000000000000000e+02
2.872000000000000000e+03
6.320000000000000000e+02
5.282000000000000000e+03
2.382000000000000000e+03
1.612000000000000000e+03
1.192000000000000000e+03
1.402000000000000000e+03
9.120000000000000000e+02
2.522000000000000000e+03
1.682000000000000000e+03
7.020000000000000000e+02
1.822000000000000000e+03
6.320000000000000000e+02
1.752000000000000000e+03
2.452000000000000000e+03
2.592000000000000000e+03
6.442000000000000000e+03
1.402000000000000000e+03
1.542000000000000000e+03
1.962000000000000000e+03
1.752000000000000000e+03
1.082000000000000000e+03
3.520000000000000000e+02
1.420000000000000000e+02
1.262000000000000000e+03
1.752000000000000000e+03
5.620000000000000000e+02
4.482000000000000000e+03
8.420000000000000000e+02
1.052000000000000000e+03
1.682000000000000000e+03
5.882000000000000000e+03
3.002000000000000000e+03
4.132000000000000000e+03
1.752000000000000000e+03
4.272000000000000000e+03
3.572000000000000000e+03
3.852000000000000000e+03
1.332000000000000000e+03
1.612000000000000000e+03
7.720000000000000000e+02
5.620000000000000000e+02
4.412000000000000000e+03
6.932000000000000000e+03
1.472000000000000000e+03
1.402000000000000000e+03
2.382000000000000000e+03
5.620000000000000000e+02
3.852000000000000000e+03
1.420000000000000000e+02
1.402000000000000000e+03
2.172000000000000000e+03
1.332000000000000000e+03
2.662000000000000000e+03
3.502000000000000000e+03
1.402000000000000000e+03
4.220000000000000000e+02
2.032000000000000000e+03
4.062000000000000000e+03
5.362000000000000000e+03
1.962000000000000000e+03
2.942000000000000000e+03
4.832000000000000000e+03
1.542000000000000000e+03
2.102000000000000000e+03
1.752000000000000000e+03
4.902000000000000000e+03
3.082000000000000000e+03
1.402000000000000000e+03
1.682000000000000000e+03
5.462000000000000000e+03
3.712000000000000000e+03
2.102000000000000000e+03
9.120000000000000000e+02
2.522000000000000000e+03
4.692000000000000000e+03
1.472000000000000000e+03
4.832000000000000000e+03
5.620000000000000000e+02
1.682000000000000000e+03
3.502000000000000000e+03
6.320000000000000000e+02
6.302000000000000000e+03
1.542000000000000000e+03
2.872000000000000000e+03
3.012000000000000000e+03
3.520000000000000000e+02
4.920000000000000000e+02
7.720000000000000000e+02
2.802000000000000000e+03
1.822000000000000000e+03
4.482000000000000000e+03
3.152000000000000000e+03
2.382000000000000000e+03
6.320000000000000000e+02
8.420000000000000000e+02
2.942000000000000000e+03
2.242000000000000000e+03
2.102000000000000000e+03
3.572000000000000000e+03
3.082000000000000000e+03
3.222000000000000000e+03
1.892000000000000000e+03
5.620000000000000000e+02
4.920000000000000000e+02
3.712000000000000000e+03
1.682000000000000000e+03
2.312000000000000000e+03
1.332000000000000000e+03
1.542000000000000000e+03
2.032000000000000000e+03
3.082000000000000000e+03
6.320000000000000000e+02
2.172000000000000000e+03
3.992000000000000000e+03
1.542000000000000000e+03
5.672000000000000000e+03
7.071000000000000000e+03
1.682000000000000000e+03
1.402000000000000000e+03
2.120000000000000000e+02
1.752000000000000000e+03
4.202000000000000000e+03
4.482000000000000000e+03
9.820000000000000000e+02
5.812000000000000000e+03
3.362000000000000000e+03
5.532000000000000000e+03
7.020000000000000000e+02
4.920000000000000000e+02
1.420000000000000000e+02
7.020000000000000000e+02
1.332000000000000000e+03
2.592000000000000000e+03
2.592000000000000000e+03
2.242000000000000000e+03
1.752000000000000000e+03
3.362000000000000000e+03
3.992000000000000000e+03
4.202000000000000000e+03
8.420000000000000000e+02
5.620000000000000000e+02
7.002000000000000000e+03
9.820000000000000000e+02
4.920000000000000000e+02
7.071000000000000000e+03
5.392000000000000000e+03
1.822000000000000000e+03
7.071000000000000000e+03
2.732000000000000000e+03
3.520000000000000000e+02
5.620000000000000000e+02
2.032000000000000000e+03
3.152000000000000000e+03
2.722000000000000000e+03
1.192000000000000000e+03
1.682000000000000000e+03
1.472000000000000000e+03
5.620000000000000000e+02
1.192000000000000000e+03
9.120000000000000000e+02
4.920000000000000000e+02
2.102000000000000000e+03
1.420000000000000000e+02
6.320000000000000000e+02
1.332000000000000000e+03
3.642000000000000000e+03
2.452000000000000000e+03
1.962000000000000000e+03
2.172000000000000000e+03
2.242000000000000000e+03
3.012000000000000000e+03
4.220000000000000000e+02
1.192000000000000000e+03
1.332000000000000000e+03
2.032000000000000000e+03
7.020000000000000000e+02
6.162000000000000000e+03
2.382000000000000000e+03
1.682000000000000000e+03
2.732000000000000000e+03
