4.920000000000000000e+02
3.520000000000000000e+02
3.520000000000000000e+02
7.720000000000000000e+02
7.720000000000000000e+02
3.520000000000000000e+02
3.520000000000000000e+02
1.928000000000000000e+03
7.720000000000000000e+02
6.760000000000000000e+02
8.420000000000000000e+02
1.103000000000000000e+03
5.720000000000000000e+02
9.440000000000000000e+02
2.312000000000000000e+03
1.542000000000000000e+03
1.472000000000000000e+03
7.720000000000000000e+02
4.342000000000000000e+03
3.222000000000000000e+03
6.232000000000000000e+03
3.502000000000000000e+03
3.292000000000000000e+03
5.112000000000000000e+03
7.071000000000000000e+03
7.071000000000000000e+03
4.482000000000000000e+03
7.071000000000000000e+03
7.071000000000000000e+03
2.592000000000000000e+03
2.732000000000000000e+03
6.512000000000000000e+03
5.042000000000000000e+03
6.442000000000000000e+03
7.071000000000000000e+03
4.832000000000000000e+03
7.071000000000000000e+03
4.622000000000000000e+03
4.132000000000000000e+03
3.432000000000000000e+03
7.071000000000000000e+03
7.071000000000000000e+03
5.252000000000000000e+03
5.042000000000000000e+03
4.412000000000000000e+03
7.071000000000000000e+03
3.992000000000000000e+03
4.062000000000000000e+03
3.292000000000000000e+03
4.132000000000000000e+03
7.071000000000000000e+03
7.071000000000000000e+03
7.071000000000000000e+03
7.071000000000000000e+03
4.482000000000000000e+03
7.071000000000000000e+03
6.862000000000000000e+03
4.482000000000000000e+03
7.071000000000000000e+03
6.652000000000000000e+03
6.722000000000000000e+03
5.462000000000000000e+03
7.071000000000000000e+03
2.452000000000000000e+03
6.442000000000000000e+03
4.972000000000000000e+03
7.071000000000000000e+03
7.071000000000000000e+03
3.432000000000000000e+03
3.782000000000000000e+03
5.462000000000000000e+03
7.071000000000000000e+03
6.792000000000000000e+03
7.071000000000000000e+03
5.462000000000000000e+03
7.071000000000000000e+03
6.232000000000000000e+03
4.902000000000000000e+03
4.062000000000000000e+03
3.992000000000000000e+03
4.482000000000000000e+03
4.622000000000000000e+03
4.482000000000000000e+03
7.071000000000000000e+03
2.522000000000000000e+03
2.382000000000000000e+03
5.620000000000000000e+02
4.832000000000000000e+03
5.112000000000000000e+03
6.162000000000000000e+03
1.192000000000000000e+03
7.071000000000000000e+03
6.652000000000000000e+03
7.071000000000000000e+03
5.042000000000000000e+03
4.132000000000000000e+03
4.552000000000000000e+03
3.642000000000000000e+03
5.112000000000000000e+03
6.512000000000000000e+03
4.552000000000000000e+03
6.372000000000000000e+03
6.320000000000000000e+02
7.071000000000000000e+03
4.272000000000000000e+03
4.202000000000000000e+03
6.932000000000000000e+03
2.592000000000000000e+03
7.071000000000000000e+03
3.712000000000000000e+03
4.132000000000000000e+03
4.902000000000000000e+03
4.207000000000000000e+03
5.182000000000000000e+03
2.872000000000000000e+03
2.802000000000000000e+03
7.071000000000000000e+03
7.071000000000000000e+03
7.071000000000000000e+03
7.071000000000000000e+03
7.071000000000000000e+03
